"scene_01-2": {
            "name": "scene_01-2",
            "pos": [],
            "res": [
                1200,
                800
            ],
            "marker": {
                "pix": [
                    [
                        0.9138955445242624,
                        0.9622400519209016
                    ],
                    [
                        0.3491359646958363,
                        0.6368839435606674
                    ],
                    [
                        0.4007597583321543,
                        0.641137013923575
                    ],
                    [
                        0.7914326139370941,
                        0.8337537084726732
                    ],
                    [
                        0.3484448401847245,
                        0.8771934957747881
                    ],
                    [
                        0.6274470021604267,
                        0.8323328939636074
                    ],
                    [
                        0.14442287413074548,
                        0.8734670152946462
                    ],
                    [
                        0.5042782913298831,
                        0.637487488766089
                    ],
                    [
                        0.29922893354808017,
                        0.0009948129382409238
                    ],
                    [
                        0.15153983525610235,
                        0.5388398750366793
                    ],
                    [
                        0.3588136629925844,
                        0.8837558103479322
                    ],
                    [
                        0.9084882180842476,
                        0.6341644610417477
                    ],
                    [
                        0.500704196926259,
                        0.5805588229264144
                    ],
                    [
                        0.5002374655248158,
                        0.884430144723303
                    ],
                    [
                        0.44132883145222235,
                        0.8114140846967512
                    ],
                    [
                        0.7840581272327557,
                        0.8285364198066577
                    ],
                    [
                        0.8682366927213703,
                        0.8843709305343499
                    ],
                    [
                        0.9705020110921487,
                        0.8821486646268168
                    ],
                    [
                        0.7601191399091638,
                        0.022087628740219172
                    ],
                    [
                        0.9938706864401599,
                        0.15481899895670134
                    ],
                    [
                        0.5047620325564339,
                        0.6816613641794046
                    ],
                    [
                        0.6821684386102133,
                        0.885691910925458
                    ],
                    [
                        0.1328636451158293,
                        0.13179003176396606
                    ],
                    [
                        0.985998995733317,
                        0.17292055105394322
                    ],
                    [
                        0.30955042442678943,
                        0.72379720168668
                    ],
                    [
                        0.1632440109148069,
                        0.6726460157354976
                    ],
                    [
                        0.6919572801898556,
                        0.771358166777976
                    ],
                    [
                        0.39122144709581086,
                        0.7493535646344764
                    ],
                    [
                        0.15147266045716418,
                        0.9557641493135514
                    ],
                    [
                        0.500161209823394,
                        0.8245208951801802
                    ]
                ],
                "pos": [
                    [
                        34.27550597662378,
                        28.72749575318924,
                        -33.20275584142978
                    ],
                    [
                        -15.724494023376216,
                        38.72749575318924,
                        -18.202755841429777
                    ],
                    [
                        -10.724494023376216,
                        38.72749575318924,
                        -18.202755841429777
                    ],
                    [
                        34.27550597662378,
                        43.72749575318924,
                        -38.20275584142978
                    ],
                    [
                        -15.724494023376216,
                        33.72749575318924,
                        -33.20275584142978
                    ],
                    [
                        14.275505976623784,
                        43.72749575318924,
                        -38.20275584142978
                    ],
                    [
                        -5.7244940233762165,
                        3.7274957531892383,
                        -3.202755841429777
                    ],
                    [
                        -0.7244940233762165,
                        8.727495753189238,
                        -3.202755841429777
                    ],
                    [
                        -10.724494023376216,
                        23.72749575318924,
                        11.797244158570223
                    ],
                    [
                        -25.724494023376216,
                        28.72749575318924,
                        -8.202755841429777
                    ],
                    [
                        -10.724494023376216,
                        23.72749575318924,
                        -23.202755841429777
                    ],
                    [
                        29.275505976623784,
                        28.72749575318924,
                        -13.202755841429777
                    ],
                    [
                        -0.7244940233762165,
                        23.72749575318924,
                        -8.202755841429777
                    ],
                    [
                        -0.7244940233762165,
                        33.72749575318924,
                        -33.20275584142978
                    ],
                    [
                        -5.7244940233762165,
                        28.72749575318924,
                        -23.202755841429777
                    ],
                    [
                        29.275505976623784,
                        38.72749575318924,
                        -33.20275584142978
                    ],
                    [
                        4.2755059766237835,
                        3.7274957531892383,
                        -3.202755841429777
                    ],
                    [
                        44.27550597662378,
                        33.72749575318924,
                        -33.20275584142978
                    ],
                    [
                        19.275505976623784,
                        38.72749575318924,
                        16.797244158570223
                    ],
                    [
                        44.27550597662378,
                        43.72749575318924,
                        11.797244158570223
                    ],
                    [
                        -0.7244940233762165,
                        33.72749575318924,
                        -18.202755841429777
                    ],
                    [
                        14.275505976623784,
                        28.72749575318924,
                        -28.202755841429777
                    ],
                    [
                        -30.724494023376216,
                        38.72749575318924,
                        11.797244158570223
                    ],
                    [
                        24.275505976623784,
                        23.72749575318924,
                        6.797244158570223
                    ],
                    [
                        -15.724494023376216,
                        28.72749575318924,
                        -18.202755841429777
                    ],
                    [
                        -30.724494023376216,
                        33.72749575318924,
                        -18.202755841429777
                    ],
                    [
                        19.275505976623784,
                        38.72749575318924,
                        -28.202755841429777
                    ],
                    [
                        -10.724494023376216,
                        33.72749575318924,
                        -23.202755841429777
                    ],
                    [
                        -30.724494023376216,
                        28.72749575318924,
                        -33.20275584142978
                    ],
                    [
                        -0.7244940233762165,
                        38.72749575318924,
                        -33.20275584142978
                    ]
                ]
            },
            "version": "2.0",
            "K": [
                533.3333129882812,
                0.0,
                600.0,
                0.0,
                533.3333129882812,
                400.0,
                0.0,
                0.0,
                1.0
            ],
            "R": [
                0.9999857544898987,
                0.0053389002569019794,
                5.162514304934973e-10,
                0.0013818099396303296,
                -0.2588154375553131,
                -0.9659257531166077,
                -0.0051569812931120396,
                0.9659119844436646,
                -0.2588191330432892
            ],
            "t": [
                0.7312774658203125,
                1.4076619148254395,
                1.6905522346496582
            ],
            "dist": [
                0,
                0,
                0,
                0,
                0
            ],
            "distType": ""
        },