"scene_01-3": {
            "name": "scene_01-3",
            "pos": [],
            "res": [
                1200,
                800
            ],
            "marker": {
                "pix": [
                    [
                        0.659143541369905,
                        0.9497627883432236
                    ],
                    [
                        0.7022999168309423,
                        0.771404058669706
                    ],
                    [
                        0.8868954509046418,
                        0.1264668019780878
                    ],
                    [
                        0.4474216518077568,
                        0.026541514367741163
                    ],
                    [
                        0.32309835214129334,
                        0.8253752459973973
                    ],
                    [
                        0.7281013337271404,
                        0.8953181808702252
                    ],
                    [
                        0.5735499206748897,
                        0.21351684699566553
                    ],
                    [
                        0.8509607148974243,
                        0.05304696782133519
                    ],
                    [
                        0.9831146209216027,
                        0.32016949669684214
                    ],
                    [
                        0.6384610103113278,
                        0.7250282820591535
                    ],
                    [
                        0.1642526433399791,
                        0.10497957360861186
                    ],
                    [
                        0.06038985867095884,
                        0.31938950723862
                    ],
                    [
                        0.5553649443846627,
                        0.8252414538748377
                    ],
                    [
                        0.29471341765088294,
                        0.8083566603140246
                    ],
                    [
                        0.2876024742338057,
                        0.06460456015456756
                    ],
                    [
                        0.5501670381414323,
                        0.837023158479633
                    ],
                    [
                        0.24826105089490313,
                        0.7201383146184114
                    ],
                    [
                        0.5980161459870754,
                        0.4546362622629195
                    ],
                    [
                        0.7697371429864992,
                        0.7361344745734635
                    ],
                    [
                        0.19037944476740534,
                        0.8823010158127037
                    ],
                    [
                        0.5683903178505312,
                        0.508216819664195
                    ],
                    [
                        0.8705231215921416,
                        0.94912883211114
                    ],
                    [
                        0.7930819530470843,
                        0.5412858100690561
                    ],
                    [
                        0.6893668588276487,
                        0.8915929244126443
                    ],
                    [
                        0.9460035757397233,
                        0.49106483825941444
                    ],
                    [
                        0.6538530396957709,
                        0.7091255544689382
                    ],
                    [
                        0.25352116874764136,
                        0.32262382627768693
                    ],
                    [
                        0.0004997890269032634,
                        0.3243287693539497
                    ],
                    [
                        0.13304842022401833,
                        0.17452703979442813
                    ],
                    [
                        0.8820654475417126,
                        0.23797955777292773
                    ]
                ],
                "pos": [
                    [
                        14.275506023797668,
                        33.72749558597968,
                        -38.20275566782649
                    ],
                    [
                        19.275506023797668,
                        38.72749558597968,
                        -28.202755667826487
                    ],
                    [
                        29.275506023797668,
                        38.72749558597968,
                        11.797244332173513
                    ],
                    [
                        -5.724493976202332,
                        38.72749558597968,
                        16.797244332173513
                    ],
                    [
                        -20.724493976202332,
                        38.72749558597968,
                        -33.20275566782649
                    ],
                    [
                        14.275506023797668,
                        23.727495585979682,
                        -23.202755667826487
                    ],
                    [
                        4.275506023797668,
                        33.72749558597968,
                        6.797244332173513
                    ],
                    [
                        9.275506023797668,
                        13.727495585979682,
                        6.797244332173513
                    ],
                    [
                        4.275506023797668,
                        3.727495585979682,
                        1.7972443321735128
                    ],
                    [
                        4.275506023797668,
                        13.727495585979682,
                        -8.202755667826487
                    ],
                    [
                        -25.724493976202332,
                        33.72749558597968,
                        11.797244332173513
                    ],
                    [
                        -25.724493976202332,
                        23.727495585979682,
                        1.7972443321735128
                    ],
                    [
                        4.275506023797668,
                        38.72749558597968,
                        -33.20275566782649
                    ],
                    [
                        -20.724493976202332,
                        33.72749558597968,
                        -28.202755667826487
                    ],
                    [
                        -20.724493976202332,
                        43.72749558597968,
                        16.797244332173513
                    ],
                    [
                        4.275506023797668,
                        43.72749558597968,
                        -38.20275566782649
                    ],
                    [
                        -30.724493976202332,
                        43.72749558597968,
                        -28.202755667826487
                    ],
                    [
                        4.275506023797668,
                        23.727495585979682,
                        -3.2027556678264872
                    ],
                    [
                        29.275506023797668,
                        43.72749558597968,
                        -28.202755667826487
                    ],
                    [
                        -40.72449397620233,
                        43.72749558597968,
                        -43.20275566782649
                    ],
                    [
                        4.275506023797668,
                        33.72749558597968,
                        -8.202755667826487
                    ],
                    [
                        39.27550602379767,
                        38.72749558597968,
                        -43.20275566782649
                    ],
                    [
                        29.275506023797668,
                        43.72749558597968,
                        -13.202755667826487
                    ],
                    [
                        4.275506023797668,
                        8.727495585979682,
                        -8.202755667826487
                    ],
                    [
                        19.275506023797668,
                        18.727495585979682,
                        -3.2027556678264872
                    ],
                    [
                        14.275506023797668,
                        38.72749558597968,
                        -23.202755667826487
                    ],
                    [
                        -20.724493976202332,
                        33.72749558597968,
                        1.7972443321735128
                    ],
                    [
                        -45.72449397620233,
                        38.72749558597968,
                        1.7972443321735128
                    ],
                    [
                        -20.724493976202332,
                        23.727495585979682,
                        6.797244332173513
                    ],
                    [
                        34.27550602379767,
                        43.72749558597968,
                        6.797244332173513
                    ]
                ]
            },
            "version": "2.0",
            "K": [
                533.3333129882812,
                0.0,
                600.0,
                0.0,
                533.3333129882812,
                400.0,
                0.0,
                0.0,
                1.0
            ],
            "R": [
                0.9997771382331848,
                0.021110067144036293,
                1.9353596503179915e-09,
                0.005463689565658569,
                -0.25876137614250183,
                -0.9659258127212524,
                -0.02039075829088688,
                0.9657105803489685,
                -0.258819043636322
            ],
            "t": [
                0.7511951923370361,
                1.4106881618499756,
                1.6792590618133545
            ],
            "dist": [
                0,
                0,
                0,
                0,
                0
            ],
            "distType": ""